CHARA_POS_X = -13.624617
CHARA_POS_Y = -11.400007
CHARA_POS_Z = -0.435359
CHARA_DIRECT = -3.775759
CAMERA_POS_X = 4.642649
CAMERA_POS_Y = 18.636795
CAMERA_POS_Z = -29.498400
